1 0.22578125 0.13203125 0.3015625 0.2640625
1 0.11015625 0.184375 0.1671875 0.30625
1 0.22890625 0.5015625 0.1328125 0.2609375
1 0.34921875 0.2546875 0.14375 0.2125
1 0.51953125 0.221875 0.1234375 0.1890625
1 0.51796875 0.40703125 0.1375 0.190625
1 0.340625 0.56484375 0.1140625 0.19375
1 0.41875 0.61484375 0.1171875 0.1921875
1 0.53046875 0.5953125 0.15625 0.25625
1 0.60703125 0.62734375 0.1109375 0.203125
1 0.75078125 0.49609375 0.128125 0.2015625
1 0.728125 0.653125 0.10625 0.1921875
1 0.803125 0.6703125 0.1 0.1625
1 0.8703125 0.67890625 0.090625 0.165625
1 0.9375 0.47265625 0.125 0.2234375
1 0.925 0.6890625 0.0828125 0.1703125