1 0.2265625 0.22265625 0.2234375 0.2890625
1 0.1296875 0.3328125 0.121875 0.259375
1 0.2984375 0.59140625 0.078125 0.2234375
1 0.3625 0.353125 0.0984375 0.175
1 0.50703125 0.29453125 0.0828125 0.1578125
1 0.5375 0.45859375 0.0953125 0.15625
1 0.4078125 0.628125 0.0734375 0.1640625
1 0.48515625 0.659375 0.0765625 0.1609375
1 0.58125 0.62265625 0.1015625 0.215625
1 0.65390625 0.63828125 0.0671875 0.1734375
1 0.75859375 0.49765625 0.084375 0.16875
1 0.765625 0.63984375 0.065625 0.1640625
1 0.834375 0.6421875 0.065625 0.1359375
1 0.8953125 0.63828125 0.05625 0.140625
1 0.921875 0.44375 0.08125 0.1890625
1 0.9453125 0.63828125 0.046875 0.146875