1 0.1859375 0.178125 0.265625 0.3296875
1 0.0890625 0.3046875 0.1515625 0.2921875
1 0.29296875 0.5734375 0.1015625 0.2484375
1 0.34453125 0.30859375 0.1203125 0.1984375
1 0.49765625 0.23359375 0.103125 0.178125
1 0.54296875 0.4109375 0.115625 0.1765625
1 0.41484375 0.60546875 0.0921875 0.184375
1 0.5015625 0.6328125 0.0953125 0.18125
1 0.60390625 0.5859375 0.1265625 0.2421875
1 0.68359375 0.59765625 0.0859375 0.19375
1 0.78671875 0.4359375 0.1046875 0.190625
1 0.80546875 0.590625 0.084375 0.1828125
1 0.88046875 0.5875 0.0828125 0.153125
1 0.946875 0.57890625 0.071875 0.1578125
1 0.95390625 0.36484375 0.0890625 0.2109375
1 0.984375 0.575 0.03125 0.1625