1 0.04453125 0.1375 0.078125 0.10625
1 0.10703125 0.15 0.05625 0.0984375
1 0.13828125 0.1984375 0.0703125 0.0828125
1 0.21875 0.253125 0.0765625 0.0984375
1 0.271875 0.221875 0.078125 0.090625
1 0.3125 0.30859375 0.0640625 0.0734375
1 0.13125 0.56640625 0.1 0.103125
1 0.38671875 0.478125 0.0625 0.0765625
1 0.48359375 0.48125 0.0703125 0.078125
1 0.4359375 0.575 0.0859375 0.1046875
1 0.625 0.48125 0.071875 0.0703125
1 0.6984375 0.47265625 0.0609375 0.08125
1 0.7828125 0.4765625 0.059375 0.0671875
1 0.871875 0.475 0.065625 0.103125
1 0.94453125 0.47421875 0.0625 0.0890625
1 0.72734375 0.584375 0.1046875 0.109375
1 0.96796875 0.590625 0.0625 0.1296875
1 0.27421875 0.79140625 0.0828125 0.0734375