1 0.928125 0.078125 0.0578125 0.1078125
1 0.88359375 0.0953125 0.0640625 0.1015625
1 0.8578125 0.1453125 0.0765625 0.0859375
1 0.78515625 0.20703125 0.084375 0.1046875
1 0.7296875 0.18125 0.0859375 0.0953125
1 0.69921875 0.2703125 0.06875 0.078125
1 0.9015625 0.5015625 0.1078125 0.1109375
1 0.64375 0.44296875 0.06875 0.08125
1 0.55 0.45546875 0.0765625 0.0828125
1 0.60703125 0.5421875 0.09375 0.109375
1 0.4125 0.46953125 0.0765625 0.0765625
1 0.3421875 0.46953125 0.0671875 0.084375
1 0.26015625 0.48203125 0.0640625 0.0703125
1 0.1734375 0.48984375 0.0734375 0.10625
1 0.10234375 0.4953125 0.06875 0.0921875
1 0.32421875 0.58046875 0.1125 0.1171875
1 0.06953125 0.6140625 0.1171875 0.1375
1 0.78515625 0.7359375 0.0875 0.0796875