1 0.05859375 0.1421875 0.071875 0.096875
1 0.11640625 0.153125 0.05 0.090625
1 0.14609375 0.196875 0.0640625 0.075
1 0.221875 0.24609375 0.06875 0.090625
1 0.2703125 0.21640625 0.071875 0.0828125
1 0.309375 0.29609375 0.0578125 0.0671875
1 0.14609375 0.5375 0.090625 0.09375
1 0.38125 0.45234375 0.05625 0.0703125
1 0.47109375 0.453125 0.0640625 0.071875
1 0.428125 0.540625 0.078125 0.0953125
1 0.6015625 0.45078125 0.065625 0.0640625
1 0.66875 0.4421875 0.0546875 0.0734375
1 0.746875 0.44453125 0.053125 0.0609375
1 0.82890625 0.44140625 0.059375 0.09375
1 0.89609375 0.4390625 0.05625 0.08125
1 0.69765625 0.54453125 0.0953125 0.1
1 0.94140625 0.546875 0.096875 0.11875
1 0.28203125 0.74375 0.075 0.0671875